3300,249	2,500
3312,564	-0,900
3324,878	-4,300
3337,234	-7,800
3349,508	-11,100
3361,823	-14,300
3374,190	-17,400
3386,447	-20,200
3398,762	-22,900
3411,076	-25,200
3423,391	-27,400
3435,706	-29,200
3448,096	-30,700
3460,330	-31,800
3472,645	-32,600
3484,959	-33,000
3484,959	-33,000
3509,589	-32,700
3521,904	-32,000
3534,219	-31,000
3546,534	-29,600
3558,848	-27,800
3571,163	-25,800
3583,478	-23,500
3595,793	-20,900
3608,108	-18,100
3620,475	-15,100
3632,731	-12,000
3645,098	-8,700
3657,361	-5,400
3669,676	-2,000
3681,991	1,400
3694,306	4,700
3706,620	8,000
3718,935	11,200
3731,250	14,200
3743,565	17,000
3755,880	19,600
3768,194	22,000
3780,509	24,100
3792,824	25,900
3805,139	27,400
3817,454	28,500
3829,861	29,400
3842,078	29,800
3854,392	29,900
3866,707	29,600
3879,022	29,000
3891,337	28,000
3903,652	26,700
3915,966	25,000
3928,281	23,100
3940,596	20,800
3952,911	18,300
3965,226	15,600
3977,541	12,700
3989,855	9,600
4002,170	6,400
4014,485	3,200
4026,800	-0,200
4039,190	-3,600
4051,424	-6,900
4063,738	-10,100
4076,053	-13,300
4088,368	-16,300
4100,683	-19,100
4113,038	-21,800
4125,307	-24,100
4137,662	-26,300
4149,931	-28,100
4162,245	-29,600
4174,560	-30,800
4186,875	-31,600
4199,190	-32,100
4211,505	-32,200
4223,819	-32,000
4236,134	-31,400
4248,449	-30,500
4260,764	-29,200
4273,079	-27,600
4285,480	-25,600
4297,766	-23,400
4310,023	-21,000
4322,338	-18,300
4334,728	-15,400
4346,962	-12,400
4359,277	-9,300
4371,591	-6,000
4383,906	-2,700
4396,221	0,600
4408,536	3,900
4420,851	7,100
4433,166	10,200
4445,480	13,200
4457,795	16,000
4470,110	18,600
4482,425	21,000
4494,740	23,100
4507,054	24,900
4519,369	26,400
4531,684	27,600
4543,999	28,500
4556,314	29,000
4568,628	29,200
4580,943	29,000
4593,258	28,400
4605,573	27,500
4617,888	26,300
4630,203	24,800
4642,517	22,900
4654,832	20,800
4667,147	18,400
4679,462	15,800
4691,777	13,000
4704,144	10,000
4716,487	6,900
4728,715	3,800
4741,030	0,500
4753,345	-2,700
4765,660	-6,000
4777,975	-9,200
4790,289	-12,300
4802,604	-15,300
4814,919	-18,100
4827,234	-20,700
4839,549	-23,100
4851,863	-25,200
4864,178	-27,000
4876,493	-28,600
4888,808	-29,800
4901,123	-30,700
4913,437	-31,300
4925,752	-31,400
4938,067	-31,300
4950,382	-30,800
4962,697	-29,900
4975,104	-28,700
4987,396	-27,200
4999,641	-25,400
5011,956	-23,400
5024,271	-21,000
5036,586	-18,500
5048,900	-15,700
5061,215	-12,800
5073,530	-9,700
5085,845	-6,600
5098,160	-3,400
5110,521	-0,100
5122,784	3,000
5135,098	6,200
5147,413	9,300
5159,728	12,200
5172,043	15,000
5184,404	17,600
5196,667	19,900
5208,981	22,000
5221,296	23,900
5233,611	25,400
5245,990	26,700
5258,235	27,600
5270,550	28,100
5282,865	28,400
5295,179	28,300
5307,494	27,800
5319,809	27,000
5332,124	25,900
5344,439	24,400
5356,753	22,700
5369,068	20,700
5381,383	18,400
5393,698	15,900
5406,013	13,300
5418,328	10,400
5430,642	7,400
5442,957	4,300
5455,272	1,100
5467,587	-2,100
5479,983	-5,300
5492,211	-8,400
5504,525	-11,400
5516,927	-14,400
5529,149	-17,100
5541,464	-19,700
5553,779	-22,100
5566,094	-24,200
5578,409	-26,100
5590,723	-27,600
5603,038	-28,900
5615,353	-29,800
5627,668	-30,400
5639,983	-30,700
5652,297	-30,600
5664,612	-30,200
5676,991	-29,400
5689,236	-28,400
5701,551	-27,000
5713,866	-25,300
5726,181	-23,300
5738,495	-21,100
5750,810	-18,600
5763,125	-16,000
5775,480	-13,100
5787,755	-10,200
5800,069	-7,100
5812,384	-4,000
5824,774	-0,800
5837,014	2,300
5849,329	5,400
5861,644	8,400
5873,958	11,300
5886,273	14,000
5898,588	16,600
5910,903	18,900
5923,299	21,100
5935,532	22,900
5947,847	24,500
5960,162	25,700
5972,477	26,700
5984,792	27,300
5997,106	27,600
5997,106	27,600
6021,736	27,200
6034,051	26,500
6046,366	25,500
6058,681	24,100
6070,995	22,500
6083,310	20,600
6095,625	18,400
6107,940	16,000
6120,336	13,400
6132,569	10,700
6144,884	7,800
6157,199	4,800
6169,554	1,700
6181,829	-1,300
6194,144	-4,500
6206,458	-7,500
6218,773	-10,500
6231,088	-13,400
6243,403	-16,100
6255,718	-18,700
6268,113	-21,100
6280,341	-23,200
6292,656	-25,000
6304,971	-26,600
6317,286	-27,900
6329,601	-28,900
6341,916	-29,600
6354,230	-29,900
6354,230	-29,900
6378,866	-29,600
6391,181	-28,900
6403,495	-27,900
6415,810	-26,600
6428,125	-25,000
6440,440	-23,200
6452,755	-21,100
6465,069	-18,700
6477,454	-16,100
6489,699	-13,400
6502,014	-10,600
6514,329	-7,600
6526,644	-4,600
6538,958	-1,500
6551,273	1,500
6563,628	4,600
6575,903	7,500
6588,304	10,400
6600,532	13,000
6612,847	15,600
6625,162	17,900
6637,477	20,000
6649,792	21,900
6662,106	23,500
6674,421	24,800
6686,736	25,800
6699,051	26,500
6711,366	26,800
6723,681	26,900
6735,995	26,600
6748,351	25,900
6760,619	25,000
6772,934	23,800
6785,249	22,200
6797,564	20,400
6809,878	18,400
6822,193	16,100
6834,508	13,600
6846,823	11,000
6859,138	8,200
6871,453	5,300
6883,767	2,300
6896,082	-0,700
6908,397	-3,800
6920,712	-6,800
6933,027	-9,700
6945,341	-12,500
6957,755	-15,300
6969,971	-17,800
6982,286	-20,100
6994,601	-22,200
7006,916	-24,100
7019,230	-25,700
7031,597	-27,100
7043,860	-28,100
7056,175	-28,800
7068,490	-29,200
7080,804	-29,300
7093,119	-29,000
7105,434	-28,400
7117,749	-27,500
7130,064	-26,300
7142,378	-24,800
7154,693	-23,000
7167,008	-21,000
7179,323	-18,800
7191,638	-16,300
7203,953	-13,700
7216,308	-10,900
7228,576	-8,100
7240,891	-5,100
7253,252	-2,100
7265,515	0,800
7277,830	3,800
7290,145	6,700
7302,459	9,500
7314,774	12,100
7327,089	14,700
7339,404	17,000
7351,719	19,100
7364,034	21,000
7376,348	22,600
7388,663	23,900
7400,978	24,900
7413,374	25,700
7425,602	26,100
7437,917	26,200
7450,231	25,900
7462,546	25,400
7474,925	24,500
7487,170	23,400
7499,554	21,900
7511,863	20,200
7524,103	18,300
7536,418	16,100
7548,733	13,700
7561,047	11,200
7573,362	8,500
7585,770	5,600
7598,084	2,700
7610,301	-0,200
7622,616	-3,100
7634,931	-6,000
7647,245	-8,900
7659,560	-11,700
7671,875	-14,400
7684,190	-16,900
7696,505	-19,200
7708,819	-21,300
7721,134	-23,200
7733,449	-24,800
7745,764	-26,200
7758,079	-27,200
7770,394	-28,000
7782,708	-28,400
7795,023	-28,500
7807,338	-28,400
7819,653	-27,800
7831,968	-27,000
7844,282	-25,900
7856,597	-24,500
7868,912	-22,800
7881,227	-20,900
7893,542	-18,800
7905,856	-16,400
7918,171	-13,900
7930,527	-11,200
7942,795	-8,500
7955,110	-5,600
7967,425	-2,700
7979,740	0,200
7992,054	3,100
8004,369	5,900
8016,684	8,700
8028,999	11,300
8041,314	13,800
8053,628	16,100
8065,943	18,200
8078,258	20,000
8090,573	21,700
8102,888	23,000
8115,203	24,100
8127,517	24,900
8139,832	25,300
8152,147	25,500
8164,462	25,300
8176,777	24,900
8189,091	24,100
8201,406	23,000
8213,721	21,700
8226,036	20,100
8238,351	18,200
8250,666	16,100
8262,980	13,800
8275,295	11,400
8287,610	8,800
8299,965	6,000
8312,234	3,200
8324,549	0,400
8336,863	-2,500
8349,178	-5,400
8361,493	-8,200
8373,808	-10,900
8386,123	-13,500
8398,437	-16,000
8410,752	-18,300
8423,067	-20,400
8435,382	-22,300
8447,697	-23,900
8460,012	-25,300
8472,326	-26,400
8484,641	-27,200
8496,956	-27,700
8509,271	-27,900
8521,586	-27,700
8533,900	-27,300
8546,215	-26,600
8558,530	-25,600
8570,845	-24,200
8583,223	-22,600
8595,475	-20,800
8607,789	-18,800
8620,104	-16,500
8632,419	-14,100
8644,734	-11,600
8657,135	-8,800
8669,363	-6,100
8681,678	-3,300
8693,993	-0,400
8706,308	2,400
8718,623	5,200
8730,938	7,900
8743,252	10,500
8755,567	12,900
8767,882	15,200
8780,197	17,300
8792,512	19,100
8804,826	20,800
8817,141	22,100
8829,456	23,200
8841,771	24,000
8854,086	24,500
8866,400	24,800
8878,715	24,700
8891,030	24,300
8903,345	23,600
8915,660	22,600
8927,975	21,400
8940,289	19,800
8952,604	18,100
8964,919	16,100
8977,234	13,900
8989,549	11,500
9001,863	9,000
9014,178	6,400
9026,493	3,700
9038,808	0,900
9051,123	-1,900
9063,438	-4,700
9075,810	-7,500
9088,067	-10,100
9100,382	-12,700
9112,755	-15,200
9125,006	-17,400
9137,321	-19,500
9149,635	-21,400
9161,950	-23,000
9174,265	-24,400
9186,580	-25,500
9198,895	-26,400
9211,209	-26,900
9223,524	-27,100
9235,839	-27,100
9248,154	-26,700
9260,469	-26,100
9272,784	-25,100
9285,098	-23,900
9297,413	-22,400
9309,728	-20,700
9322,043	-18,700
9334,358	-16,600
9346,713	-14,200
9358,987	-11,800
9371,302	-9,200
9383,617	-6,500
9395,978	-3,700
9408,241	-1,000
9420,556	1,800
9432,870	4,500
9445,284	7,200
9457,500	9,700
9469,815	12,100
9482,182	14,400
9494,444	16,400
9506,759	18,300
9519,074	19,900
9531,389	21,300
9543,704	22,400
9556,019	23,300
9568,333	23,800
9580,648	24,100
9580,648	24,100
9605,284	23,800
9617,598	23,100
9629,913	22,200
9642,269	21,000
9654,543	19,600
9666,858	17,900
9679,172	16,000
9691,487	13,900
9703,802	11,700
9716,117	9,200
9728,432	6,700
9740,747	4,100
9753,061	1,400
9765,417	-1,400
9777,691	-4,100
9790,006	-6,800
9802,321	-9,400
9814,728	-12,000
9827,014	-14,400
9839,253	-16,600
9851,568	-18,700
9863,883	-20,500
9876,198	-22,200
9888,513	-23,600
9900,828	-24,700
9913,142	-25,600
9925,457	-26,200
9937,772	-26,500
9937,772	-26,500
9962,402	-26,200
9974,716	-25,600
9987,031	-24,700
9999,346	-23,600
10011,661	-22,200
10023,976	-20,500
10036,354	-18,600
10048,600	-16,600
10061,001	-14,300
10073,223	-12,000
10085,602	-9,400
10097,951	-6,800
10110,162	-4,200
10122,477	-1,500
10134,792	1,200
10147,170	3,900
10159,421	6,400
10171,829	9,000
10184,045	11,300
10196,360	13,500
10208,675	15,600
10221,042	17,500
10233,299	19,100
10245,613	20,500
10257,928	21,600
10270,243	22,500
10282,558	23,100
10294,873	23,400
10294,873	23,400
10319,508	23,200
10331,823	22,600
10344,138	21,800
10356,453	20,700
10368,819	19,300
10381,082	17,800
10393,397	16,000
10405,712	13,900
10418,027	11,800
10430,341	9,400
10442,656	7,000
10454,971	4,400
10467,286	1,800
10479,601	-0,900
10491,916	-3,500
10504,277	-6,200
10516,539	-8,700
10528,854	-11,200
10541,169	-13,600
10553,484	-15,800
10565,799	-17,900
10578,113	-19,700
10590,428	-21,400
10602,743	-22,800
10615,058	-23,900
10627,373	-24,800
10639,757	-25,500
10652,002	-25,800
10664,317	-25,800
10676,632	-25,600
10688,947	-25,100
10701,262	-24,300
10713,576	-23,200
10725,891	-21,900
10738,206	-20,400
10750,521	-18,600
10762,836	-16,600
10775,237	-14,400
10787,506	-12,100
10799,774	-9,700
10812,089	-7,200
10824,404	-4,600
10836,719	-2,000
10849,034	0,600
10861,348	3,200
10873,663	5,800
10885,978	8,200
10898,293	10,600
10910,608	12,800
10922,922	14,800
10935,237	16,700
10947,552	18,300
10959,867	19,700
10972,182	20,900
10984,497	21,800
10996,811	22,400
11009,126	22,700
11021,441	22,800
11033,756	22,600
11046,071	22,100
11058,385	21,400
11070,700	20,400
11083,015	19,100
11095,330	17,600
11107,645	15,900
11119,959	13,900
11132,315	11,800
11144,583	9,600
11156,898	7,200
11169,213	4,700
11181,528	2,200
11193,843	-0,400
11206,157	-3,000
11218,519	-5,600
11230,781	-8,100
11243,096	-10,500
11255,469	-12,900
11267,726	-15,000
11280,041	-17,100
11292,355	-18,900
11304,670	-20,600
11316,985	-22,000
11329,300	-23,200
11341,615	-24,100
11353,929	-24,700
11366,244	-25,100
11378,559	-25,200
11390,874	-25,100
11403,189	-24,600
11415,503	-23,900
11427,818	-22,900
11440,197	-21,600
11452,442	-20,200
11464,757	-18,500
11477,072	-16,600
11489,387	-14,500
11501,701	-12,300
11514,115	-9,900
11526,331	-7,500
11538,646	-5,000
11551,059	-2,400
11563,270	0,100
11575,642	2,700
11587,894	5,100
11600,295	7,600
11612,564	9,900
11624,826	12,000
11637,141	14,000
11649,456	15,900
11661,771	17,500
11674,086	18,900
11686,400	20,100
11698,715	21,000
11711,030	21,700
11723,345	22,100
11735,660	22,200
11747,975	22,100
11760,289	21,600
11772,604	20,900
11784,919	20,000
11797,234	18,800
11809,549	17,400
11821,863	15,700
11834,178	13,900
11846,493	11,900
11858,808	9,700
11871,123	7,400
11883,438	5,000
11895,752	2,600
11908,067	0,100
11920,382	-2,500
11932,697	-5,000
11945,012	-7,500
11957,367	-9,900
11969,693	-12,200
11981,956	-14,300
11994,271	-16,300
12006,586	-18,200
12018,900	-19,800
12031,215	-21,200
12043,530	-22,400
12055,845	-23,400
12068,160	-24,100
12080,475	-24,500
12092,789	-24,600
12105,104	-24,500
12117,419	-24,100
12129,734	-23,400
12142,049	-22,500
12154,363	-21,400
12166,678	-20,000
12179,039	-18,300
12191,302	-16,500
12203,657	-14,500
12215,932	-12,400
12228,287	-10,100
12240,561	-7,800
12252,917	-5,300
12265,191	-2,900
12277,506	-0,400
12289,821	2,100
12302,176	4,600
12314,450	6,900
12326,765	9,200
12339,080	11,300
12351,395	13,300
12363,709	15,100
12376,065	16,800
12388,339	18,200
12400,654	19,400
12412,969	20,300
12425,284	21,000
12437,598	21,400
12449,913	21,600
12462,228	21,500
12474,543	21,100
12486,858	20,500
12499,172	19,600
12511,487	18,500
12523,872	17,100
12536,117	15,600
12548,432	13,800
12560,747	11,900
12573,061	9,800
12585,376	7,600
12597,691	5,300
12610,006	2,900
12622,321	0,500
12634,635	-2,000
12646,950	-4,500
12659,265	-6,900
12671,667	-9,300
12683,895	-11,500
12696,209	-13,600
12708,524	-15,600
12720,839	-17,400
12733,154	-19,100
12745,469	-20,500
12757,784	-21,700
12770,098	-22,700
12782,413	-23,400
12794,728	-23,800
12807,043	-24,000
12819,387	-23,900
12831,672	-23,600
12843,987	-23,000
12856,343	-22,100
12868,657	-21,000
12880,920	-19,700
12893,235	-18,200
12905,550	-16,500
12917,911	-14,500
12930,174	-12,500
12942,488	-10,300
12954,803	-8,000
12967,182	-5,600
12979,427	-3,300
12991,742	-0,800
13004,057	1,600
13016,372	4,000
13028,686	6,300
13041,001	8,500
13053,403	10,700
13065,625	12,600
13077,940	14,400
13090,255	16,000
13102,569	17,400
13114,884	18,600
13127,199	19,600
13139,514	20,300
13151,829	20,800
13164,144	21,000
13176,458	20,900
13188,773	20,600
13201,088	20,000
13213,403	19,200
13225,718	18,200
13238,032	16,900
13250,347	15,400
13262,662	13,700
13275,052	11,800
13287,286	9,800
13299,601	7,700
13311,916	5,500
13324,230	3,100
13336,545	0,800
13348,860	-1,600
13361,175	-4,000
13373,490	-6,400
13385,804	-8,700
13398,119	-10,900
13410,434	-13,000
13422,836	-15,000
13435,110	-16,800
13447,367	-18,400
13459,682	-19,800
13471,997	-21,000
13484,311	-22,000
13496,626	-22,700
13508,941	-23,200
13521,256	-23,400
13521,256	-23,400
13545,891	-23,100
13558,206	-22,500
13570,521	-21,700
13582,836	-20,700
13595,191	-19,400
13607,459	-18,000
13619,774	-16,300
13632,089	-14,500
13644,404	-12,500
13656,719	-10,400
13669,034	-8,200
13681,348	-5,900
13693,738	-3,500
13705,972	-1,200
13718,287	1,200
13730,602	3,500
13742,917	5,800
13755,307	8,000
13767,546	10,000
13779,902	12,000
13792,176	13,700
13804,589	15,400
13816,806	16,700
13829,120	17,900
13841,435	18,900
13853,750	19,600
13866,065	20,100
13878,380	20,400
13878,380	20,400
13903,009	20,100
13915,324	19,600
13927,639	18,800
13939,954	17,800
13952,269	16,600
13964,583	15,200
13976,898	13,600
13989,213	11,800
14001,528	9,900
14013,843	7,800
14026,157	5,600
14038,472	3,400
14050,787	1,100
14063,142	-1,300
14075,411	-3,600
14087,726	-5,900
14100,041	-8,100
14112,355	-10,300
14124,670	-12,400
14136,985	-14,300
14149,300	-16,100
14161,615	-17,700
14173,929	-19,100
14186,244	-20,300
14198,559	-21,300
14210,874	-22,000
14223,189	-22,500
14235,503	-22,800
14235,503	-22,800
14260,139	-22,600
14272,454	-22,100
14284,769	-21,300
14297,083	-20,400
14309,398	-19,200
14321,713	-17,800
14334,028	-16,200
14346,383	-14,400
14358,657	-12,500
14370,972	-10,500
14383,287	-8,400
14395,602	-6,100
14407,917	-3,900
14420,231	-1,600
14432,546	0,700
14444,861	3,000
14457,176	5,200
14469,491	7,400
14481,806	9,400
14494,120	11,300
14506,493	13,100
14518,750	14,600
14531,065	16,000
14543,380	17,200
14555,694	18,200
14568,009	19,000
14580,324	19,500
14592,639	19,700
14604,954	19,800
14617,350	19,500
14629,583	19,100
14641,898	18,400
14654,213	17,500
14666,528	16,300
14678,843	15,000
14691,157	13,400
14703,472	11,700
14715,885	9,800
14728,102	7,900
14740,417	5,800
14752,731	3,600
14765,046	1,400
14777,361	-0,900
14789,676	-3,200
14801,991	-5,400
14814,306	-7,600
14826,620	-9,700
14838,993	-11,800
14851,285	-13,700
14863,553	-15,400
14875,868	-17,000
14888,183	-18,400
14900,498	-19,600
14912,813	-20,600
14925,127	-21,300
14937,442	-21,900
14949,757	-22,200
14949,757	-22,200
14974,392	-22,000
14986,707	-21,600
14999,022	-20,900
15011,337	-20,000
15023,652	-18,900
15036,007	-17,500
15048,281	-16,000
15060,637	-14,300
15072,911	-12,500
15085,266	-10,500
15097,541	-8,500
15109,855	-6,300
15122,170	-4,100
15134,485	-1,900
15146,800	0,300
15159,115	2,600
15171,429	4,700
15183,744	6,800
15196,059	8,800
15208,374	10,700
15220,689	12,400
15233,003	14,000
15245,318	15,400
15257,633	16,600
15269,948	17,500
15282,263	18,300
15294,578	18,800
15306,892	19,100
15319,207	19,200
15331,522	19,000
15343,837	18,600
15356,152	18,000
15368,466	17,100
15380,781	16,000
15393,096	14,700
15405,411	13,300
15417,726	11,600
15430,041	9,800
15442,355	7,900
15454,670	5,900
15466,985	3,800
15479,300	1,600
15491,615	-0,600
15503,929	-2,800
15516,244	-5,000
15528,559	-7,100
15540,874	-9,200
15553,189	-11,200
15565,503	-13,000
15577,818	-14,800
15590,226	-16,400
15602,448	-17,700
15614,763	-18,900
15627,078	-19,900
15639,392	-20,700
15651,707	-21,300
15664,022	-21,600
15664,022	-21,600
15688,657	-21,500
15700,972	-21,100
15713,287	-20,500
15725,602	-19,600
15737,917	-18,500
15750,231	-17,300
15762,546	-15,800
15774,861	-14,200
15787,245	-12,400
15799,485	-10,600
15811,800	-8,600
15824,115	-6,500
15836,481	-4,300
15848,744	-2,200
15861,059	0,000
15873,374	2,200
15885,689	4,300
15898,003	6,300
15910,318	8,300
15922,633	10,100
15934,948	11,800
15947,263	13,400
15959,578	14,700
15971,892	15,900
15984,207	16,900
15996,522	17,700
16008,837	18,200
16021,152	18,500
16033,466	18,600
16045,781	18,500
16058,096	18,100
16070,411	17,500
16082,726	16,700
16095,041	15,700
16107,355	14,500
16119,763	13,000
16131,979	11,500
16144,294	9,800
16156,609	7,900
16168,964	5,900
16181,238	3,900
16193,553	1,800
16205,868	-0,300
16218,183	-2,500
16230,498	-4,600
16242,813	-6,700
16255,127	-8,700
16267,483	-10,700
16279,757	-12,500
16292,072	-14,200
16304,387	-15,700
16316,701	-17,100
16329,016	-18,300
16341,331	-19,300
16353,646	-20,100
16365,961	-20,600
16378,275	-21,000
16390,590	-21,100
16402,905	-21,000
16415,220	-20,600
16427,593	-20,000
16439,936	-19,200
16452,153	-18,200
16464,468	-17,000
16476,782	-15,700
16489,097	-14,100
16501,412	-12,400
16513,727	-10,600
16526,111	-8,600
16538,351	-6,600
16550,666	-4,600
16562,980	-2,500
16575,382	-0,300
16587,650	1,800
16599,925	3,800
16612,240	5,800
16624,554	7,700
16636,869	9,500
16649,184	11,200
16661,499	12,700
16673,814	14,100
16686,128	15,300
16698,443	16,300
16710,839	17,100
16723,073	17,600
16735,388	18,000
16747,703	18,100
16760,017	18,000
16772,332	17,700
16784,647	17,100
16796,962	16,300
16809,277	15,400
16821,591	14,200
16833,906	12,900
16846,302	11,300
16858,530	9,700
16870,845	7,900
16883,160	6,000
16895,573	4,000
16907,789	2,000
16920,156	-0,100
